# This file may be used to create an environment using:
# $ conda create --name <env> --file <this file>
# platform: win-64
asttokens=2.4.1=pyhd8ed1ab_0
attrs=24.2.0=pypi_0
beautifulsoup4=4.12.3=pypi_0
bs4=0.0.2=pypi_0
ca-certificates=2024.9.24=haa95532_0
certifi=2024.8.30=pypi_0
cffi=1.17.1=pypi_0
charset-normalizer=3.4.0=pypi_0
colorama=0.4.6=pyhd8ed1ab_0
comm=0.2.2=pyhd8ed1ab_0
contourpy=1.3.0=pypi_0
cpython=3.9.20=py39hd8ed1ab_1
cycler=0.12.1=pypi_0
debugpy=1.8.9=py39ha51f57c_0
decorator=5.1.1=pyhd8ed1ab_0
exceptiongroup=1.2.2=pyhd8ed1ab_0
executing=2.1.0=pyhd8ed1ab_0
fonttools=4.55.0=pypi_0
h11=0.14.0=pypi_0
idna=3.10=pypi_0
imbalanced-learn=0.12.4=pypi_0
importlib-metadata=8.5.0=pyha770c72_0
importlib-resources=6.4.5=pypi_0
ipykernel=6.29.5=pyh4bbf305_0
ipython=8.18.1=pyh7428d3b_3
jedi=0.19.2=pyhff2d567_0
joblib=1.4.2=pypi_0
jupyter_client=8.6.3=pyhd8ed1ab_0
jupyter_core=5.7.2=pyh5737063_1
kiwisolver=1.4.7=pypi_0
krb5=1.21.3=hdf4eb48_0
libsodium=1.0.20=hc70643c_0
matplotlib=3.9.2=pypi_0
matplotlib-inline=0.1.7=pyhd8ed1ab_0
mouseinfo=0.1.3=pypi_0
nest-asyncio=1.6.0=pyhd8ed1ab_0
numpy=2.0.2=pypi_0
openssl=3.4.0=h2466b09_0
outcome=1.3.0.post0=pypi_0
packaging=24.2=pyhff2d567_1
pandas=2.2.3=pypi_0
parso=0.8.4=pyhd8ed1ab_0
pickleshare=0.7.5=py_1003
pillow=11.0.0=pypi_0
pip=24.2=py39haa95532_0
platformdirs=4.3.6=pyhd8ed1ab_0
prompt-toolkit=3.0.48=pyha770c72_0
psutil=6.1.0=py39ha55e580_0
pure_eval=0.2.3=pyhd8ed1ab_0
pyautogui=0.9.54=pypi_0
pycparser=2.22=pypi_0
pygetwindow=0.0.9=pypi_0
pygments=2.18.0=pyhd8ed1ab_0
pymsgbox=1.0.9=pypi_0
pyparsing=3.2.0=pypi_0
pyperclip=1.9.0=pypi_0
pyrect=0.2.0=pypi_0
pyscreeze=1.0.1=pypi_0
pysocks=1.7.1=pypi_0
python=3.9.20=h8205438_1
python-dateutil=2.9.0.post0=pyhff2d567_0
python_abi=3.9=2_cp39
pytweening=1.2.0=pypi_0
pytz=2024.2=pypi_0
pywin32=307=py39ha51f57c_3
pyzmq=26.2.0=py39h03e5c00_3
requests=2.32.3=pypi_0
scikit-learn=1.5.2=pypi_0
scipy=1.13.1=pypi_0
seaborn=0.13.2=pypi_0
selenium=4.26.1=pypi_0
setuptools=75.1.0=py39haa95532_0
six=1.16.0=pyh6c4a22f_0
sniffio=1.3.1=pypi_0
sortedcontainers=2.4.0=pypi_0
soupsieve=2.6=pypi_0
sqlite=3.45.3=h2bbff1b_0
stack_data=0.6.2=pyhd8ed1ab_0
threadpoolctl=3.5.0=pypi_0
tornado=6.4.1=py39ha55e580_1
traitlets=5.14.3=pyhd8ed1ab_0
trio=0.27.0=pypi_0
trio-websocket=0.11.1=pypi_0
typing_extensions=4.12.2=pyha770c72_0
tzdata=2024.2=pypi_0
ucrt=10.0.22621.0=h57928b3_1
urllib3=2.2.3=pypi_0
vc=14.40=h2eaa2aa_1
vc14_runtime=14.42.34433=he29a5d6_23
vs2015_runtime=14.42.34433=hdffcdeb_23
wcwidth=0.2.13=pyhd8ed1ab_0
websocket-client=1.8.0=pypi_0
wheel=0.44.0=py39haa95532_0
wsproto=1.2.0=pypi_0
xgboost=2.1.2=pypi_0
zeromq=4.3.5=ha9f60a1_7
zipp=3.21.0=pyhd8ed1ab_0
